Properties	Ala	Arg	Asn	Asp	Cys	Gln	Glu	Gly	His	Ile	Leu	Lys	Met	Phe	Pro	Ser	Thr	Trp	Tyr	Val
MW	100.00	65.00	134.00	106.00	20.00	93.00	102.00	49.00	66.00	96.00	40.00	56.00	94.00	41.00	56.00	120.00	97.00	18.00	41.00	74.00
Polarity_Grantham	8.10	10.50	11.60	13.00	5.50	10.50	12.30	9.00	10.40	5.20	4.90	11.30	5.70	5.20	8.00	9.20	8.60	5.40	6.20	5.90
Hphob_OMH_Sweet	-0.40	-0.59	-0.92	-1.31	0.17	-0.91	-1.22	-0.67	-0.64	1.25	1.22	-0.67	1.02	1.92	-0.49	-0.55	-0.28	0.50	1.67	0.91
Hphob_Abraham-Leo	0.44	-2.42	-1.32	-0.31	0.58	-0.71	-0.34	0.00	-0.01	2.46	2.46	-2.45	1.10	2.54	1.29	-0.84	-0.41	2.56	1.63	1.73
Hphob_Guy	0.10	1.91	0.48	0.78	-1.42	0.95	0.83	0.33	-0.50	-1.13	-1.18	1.40	-1.59	-2.12	0.73	0.52	0.07	-0.51	-0.21	-1.27
Hphob_Roseman	0.39	-3.95	-1.91	-3.81	0.25	-1.30	-2.91	0.00	-0.64	1.82	1.82	-2.77	0.96	2.27	0.99	-1.24	-1.00	2.13	1.47	1.30
Hphob_HPLC_Wilson-al	-0.30	-1.10	-0.20	-1.40	6.30	-0.20	0.00	1.20	-1.30	4.30	6.60	-3.60	2.50	7.50	2.20	-0.60	-2.20	7.90	7.10	5.90
Hphob_Rf_mobility	5.10	2.00	0.60	0.70	0.00	1.40	1.80	4.10	1.60	9.30	10.00	1.30	8.70	9.60	4.90	3.10	3.50	9.20	8.00	8.50
HPLC_retention_pH_21	-0.10	-4.50	-1.60	-2.80	-2.20	-2.50	-7.50	-0.50	0.80	11.80	10.00	-3.20	7.10	13.90	8.00	-3.70	1.50	18.10	8.20	3.30
Hphob_Chothia	0.38	0.01	0.12	0.15	0.50	0.07	0.18	0.36	0.17	0.60	0.45	0.03	0.40	0.50	0.18	0.22	0.23	0.27	0.15	0.54
Average_flexibility	0.36	0.53	0.46	0.51	0.35	0.49	0.50	0.54	0.32	0.46	0.37	0.47	0.30	0.31	0.51	0.51	0.44	0.31	0.42	0.39
alpha-helix_Deleage-Roux	1.49	1.22	0.77	0.92	0.97	1.16	1.50	0.51	1.00	1.00	1.24	1.17	1.36	1.20	0.49	0.74	0.79	1.09	0.79	0.99
alpha-helix_Levitt	1.29	0.96	0.90	1.04	1.11	1.27	1.44	0.56	1.22	0.97	1.30	1.23	1.47	1.07	0.52	0.82	0.82	0.99	0.72	0.91
Antiparallel_beta-strand	0.90	1.02	0.62	0.47	1.24	1.18	0.62	0.56	1.12	1.54	1.26	0.74	1.09	1.23	0.42	0.87	1.30	1.75	1.68	1.53
Relative_mutability	100.00	65.00	134.00	106.00	20.00	93.00	102.00	49.00	66.00	96.00	40.00	56.00	94.00	41.00	56.00	120.00	97.00	18.00	41.00	74.00
Number_of_codon	4.00	6.00	2.00	2.00	1.00	2.00	2.00	4.00	2.00	3.00	6.00	2.00	1.00	2.00	4.00	6.00	4.00	1.00	2.00	4.00
Refractivity	4.34	26.66	13.28	12.00	35.77	17.56	17.26	0.00	21.81	19.06	18.78	21.29	21.64	29.40	10.93	6.35	11.01	42.53	31.53	13.92
Hphob_Hopp-Woods	-0.50	3.00	0.20	3.00	-1.00	0.20	3.00	0.00	-0.50	-1.80	-1.80	3.00	-1.30	-2.50	0.00	0.30	-0.40	-3.40	-2.30	-1.50
Hphob_Black	0.62	0.00	0.24	0.03	0.68	0.25	0.04	0.50	0.17	0.94	0.94	0.28	0.74	1.00	0.71	0.36	0.45	0.88	0.88	0.83
Hphob_Janin	0.30	-1.40	-0.50	-0.60	0.90	-0.70	-0.70	0.30	-0.10	0.70	0.50	-1.80	0.40	0.50	-0.30	-0.10	-0.20	0.30	-0.40	0.60
Hphob_Tanford	0.62	-2.53	-0.78	-0.09	0.29	-0.85	-0.74	0.48	-0.40	1.38	1.53	-1.50	0.64	1.19	0.12	-0.18	-0.05	0.81	0.26	1.80
Hphob_HPLC_Parker	2.10	4.20	7.00	10.00	1.40	6.00	7.80	5.70	2.10	-8.00	-9.20	5.70	-4.20	-9.20	2.10	6.50	5.20	-10.00	-1.90	-3.70
HPLC_HFBA_retention	3.90	3.20	-2.80	-2.80	-14.30	1.80	-7.50	-2.30	2.00	11.00	15.00	-2.50	4.10	14.70	5.60	-3.50	1.10	17.80	3.80	2.10
HPLC_retention_pH_74	0.50	0.80	0.80	-8.20	-6.80	-4.80	-16.90	0.00	-3.50	13.90	8.80	0.10	4.80	13.20	6.10	1.20	2.70	14.90	6.10	2.70
Hphob_Rose	0.74	0.64	0.63	0.62	0.91	0.62	0.62	0.72	0.78	0.88	0.85	0.52	0.85	0.88	0.64	0.66	0.70	0.85	0.76	0.86
alpha-helix_Chou-Fasman	1.42	0.98	0.67	1.01	0.70	1.11	1.51	0.57	1.00	1.08	1.21	1.16	1.45	1.13	0.57	0.77	0.83	1.08	0.69	1.00
beta-sheet_Deleage-Roux	0.71	0.92	0.60	0.54	1.19	0.84	0.57	0.66	0.86	1.80	1.26	0.72	1.21	1.39	0.35	0.93	1.22	1.31	1.27	1.97
beta-sheet_Levitt	0.90	0.99	0.76	0.72	0.74	0.80	0.75	0.92	1.08	1.45	1.02	0.77	0.97	1.32	0.64	0.95	1.21	1.14	1.25	1.49
Parallel_beta-strand	1.00	0.68	0.54	0.50	0.91	0.28	0.59	0.79	0.38	2.60	1.42	0.59	1.49	1.30	0.35	0.70	0.59	0.89	1.08	2.63
Bulkiness	11.50	14.28	12.82	11.68	13.46	14.45	13.57	3.40	13.69	21.40	21.40	15.71	16.25	19.80	17.43	9.47	15.77	21.67	18.03	21.57
Recognition_factors	78.00	95.00	94.00	81.00	89.00	87.00	78.00	84.00	84.00	88.00	85.00	87.00	80.00	81.00	91.00	107.00	93.00	104.00	84.00	89.00
Hydropath_Kyte-Doolittle	1.80	-4.50	-3.50	-3.50	2.50	-3.50	-3.50	-0.40	-3.20	4.50	3.80	-3.90	1.90	2.80	-1.60	-0.80	-0.70	-0.90	-1.30	4.20
Hphob_Bull-Breese	0.61	0.69	0.89	0.61	0.36	0.97	0.51	0.81	0.69	-1.45	-1.65	0.46	-0.66	-1.52	-0.17	0.42	0.29	-1.20	-1.43	-0.75
Hphob_Miyazawa	5.33	4.18	3.71	3.59	7.93	3.87	3.65	4.48	5.10	8.83	8.47	2.95	8.95	9.03	3.87	4.09	4.49	7.66	5.89	7.63
Hphob_Wolfenden	1.94	-19.92	-9.68	-10.95	-1.24	-9.38	-10.20	2.39	-10.27	2.15	2.28	-9.52	-1.48	-0.76	0.00	-5.06	-4.88	-5.88	-6.11	1.99
Hphob_HPLC_pH34_Cowan	0.42	-1.56	-1.03	-0.51	0.84	-0.96	-0.37	0.00	-2.28	1.81	1.80	-2.03	1.18	1.74	0.86	-0.64	-0.26	1.46	0.51	1.34
HPLC_TFA_retention	7.30	-3.60	-5.70	-2.90	-9.20	-0.30	-7.10	-1.20	-2.10	6.60	20.00	-3.70	5.60	19.20	5.10	-4.10	0.80	16.30	5.90	3.50
Percent_buried_residues	11.20	0.50	2.90	2.90	4.10	1.60	1.80	11.80	2.00	8.60	11.70	0.50	1.90	5.10	2.70	8.00	4.90	2.20	2.60	12.90
Ratio_hetero_endside	0.00	0.65	1.33	1.38	2.75	0.89	0.92	0.74	0.58	0.00	0.00	0.33	0.00	0.00	0.39	1.42	0.71	0.13	0.20	0.00
beta-sheet_Chou-Fasman	0.83	0.93	0.89	0.54	1.19	1.10	0.37	0.75	0.87	1.60	1.30	0.74	1.05	1.38	0.55	0.75	1.19	1.37	1.47	1.70
beta-turn_Deleage-Roux	0.79	0.91	1.57	1.20	0.97	1.00	1.15	1.86	0.97	0.24	0.67	1.30	0.44	0.62	1.42	1.32	0.74	0.55	0.80	0.39
beta-turn_Levitt	0.77	0.88	1.28	1.41	0.81	0.98	0.99	1.64	0.68	0.51	0.58	0.96	0.41	0.59	1.91	1.32	1.04	0.76	1.05	0.47
AA_composition	8.30	5.70	4.40	5.30	1.70	4.00	6.20	7.20	2.20	5.20	9.00	5.70	2.40	3.90	5.10	6.90	5.80	1.30	3.20	6.60
Polarity_Zimmerman	0.00	52.00	3.38	49.70	1.48	3.53	49.90	0.00	51.60	0.13	0.13	49.50	1.43	0.35	1.58	1.67	1.66	2.10	1.61	0.13
Hphob_Eisenberg	0.62	-2.53	-0.78	-0.90	0.29	-0.85	-0.74	0.48	-0.40	1.38	1.06	-1.50	0.64	1.19	0.12	-0.18	-0.05	0.81	0.26	1.08
Hphob_Manavalan	12.97	11.72	11.42	10.85	14.63	11.76	11.89	12.43	12.16	15.67	14.90	11.36	14.39	14.00	11.37	11.23	11.69	13.93	13.42	15.71
Hphob_Fauchere	0.31	-1.01	-0.60	-0.77	1.54	-0.22	-0.64	0.00	0.13	1.80	1.70	-0.99	1.23	1.79	0.72	-0.04	0.26	2.25	0.96	1.22
Hphob_Rao-Argos	1.36	0.15	0.33	0.11	1.27	0.33	0.25	1.09	0.68	1.44	1.47	0.09	1.42	1.57	0.54	0.97	1.08	1.00	0.83	1.37
Hphob_Welling-al	1.15	0.58	-0.77	0.65	-1.20	-0.11	-0.71	-1.84	3.12	-2.92	0.75	2.06	-3.85	-1.41	-0.53	-0.26	-0.45	-1.14	0.13	-0.13
Hphob_HPLC_pH75_Cowan	0.35	-1.50	-0.99	-2.15	0.76	-0.93	-1.95	0.00	-0.65	1.83	1.80	-1.54	1.10	1.69	0.84	-0.63	-0.27	1.35	0.39	1.32
Transmembrane_tendency	0.38	-2.57	-1.62	-3.27	-0.30	-1.84	-2.90	-0.19	-1.44	1.97	1.82	-3.46	1.40	1.98	-1.44	-0.53	-0.32	1.53	0.49	1.46
Percent_accessible_residues	6.60	4.50	6.70	7.70	0.90	5.20	5.70	6.70	2.50	2.80	4.80	10.30	1.00	2.40	4.80	9.40	7.00	1.40	5.10	4.50
Average_area_buried	86.60	162.20	103.30	97.80	132.30	119.20	113.90	62.90	155.80	158.00	164.10	115.50	172.90	194.10	92.90	85.60	106.50	224.60	177.70	141.00
beta-turn_Chou-Fasman	0.66	0.95	1.56	1.46	1.19	0.98	0.74	1.56	0.95	0.47	0.59	1.01	0.60	0.60	1.52	1.43	0.96	0.96	1.14	0.50
Coil_Deleage-Roux	0.82	0.89	1.17	1.20	0.95	0.95	0.76	1.25	1.07	0.89	0.81	0.90	0.81	0.80	1.54	1.13	1.15	0.94	1.11	0.77
Total_beta-strand	0.92	0.93	0.60	0.48	1.16	0.95	0.61	0.61	0.93	1.81	1.30	0.70	1.19	1.25	0.40	0.82	1.12	1.54	1.53	1.81
MW_Da	89.09	174.20	132.12	133.10	121.16	146.15	147.13	75.07	155.16	131.18	131.18	146.19	149.21	165.19	115.13	105.09	119.12	204.23	181.19	117.15
Residue_Weight	71.08	156.19	114.11	115.09	103.15	128.13	129.12	57.05	137.14	113.16	113.16	128.18	131.20	147.18	97.12	87.08	101.11	186.22	163.18	99.13
pKa_COOH	2.34	2.17	2.02	1.88	1.96	2.17	2.19	2.34	1.82	2.36	2.36	2.18	2.28	1.83	1.99	2.21	2.09	2.83	2.20	2.32
pKb_NH3	9.69	9.04	8.80	9.60	10.28	9.13	9.67	9.60	9.17	9.60	9.60	8.95	9.21	9.13	10.60	9.15	9.10	9.39	9.11	9.62
pKx_Side_Chain	0.00	12.48	0.00	3.65	8.18	0.00	4.25	0.00	6.00	0.00	0.00	10.53	0.00	0.00	0.00	0.00	0.00	0.00	10.07	0.00
pI	6.00	10.76	5.41	2.77	5.07	5.65	3.22	5.97	7.59	6.02	5.98	9.74	5.74	5.48	6.30	5.68	5.60	5.89	5.66	5.96
Charge	0.00	1.00	0.00	-1.00	0.00	0.00	-1.00	0.00	1.00	0.00	0.00	1.00	0.00	0.00	0.00	0.00	0.00	0.00	0.00	0.00
Solubility	15.80	71.80	2.40	0.42	0.00	2.60	0.72	22.50	4.19	3.36	2.37	0.00	5.14	2.70	1.54	36.20	0.00	1.06	0.04	5.60
Bi_acidic	0.00	0.00	0.00	1.00	0.00	0.00	1.00	0.00	0.00	0.00	0.00	0.00	0.00	0.00	0.00	0.00	0.00	0.00	0.00	0.00
Bi_acyclic	1.00	1.00	1.00	1.00	1.00	1.00	1.00	1.00	0.00	1.00	1.00	1.00	1.00	0.00	0.00	1.00	1.00	0.00	0.00	1.00
Bi_aliphatic	1.00	0.00	0.00	0.00	0.00	0.00	0.00	1.00	0.00	1.00	1.00	0.00	0.00	0.00	0.00	0.00	0.00	0.00	0.00	1.00
Bi_aromatic	0.00	0.00	0.00	0.00	0.00	0.00	0.00	0.00	1.00	0.00	0.00	0.00	0.00	1.00	0.00	0.00	0.00	1.00	1.00	0.00
Bi_basic	0.00	1.00	0.00	0.00	0.00	0.00	0.00	0.00	1.00	0.00	0.00	1.00	0.00	0.00	0.00	0.00	0.00	0.00	0.00	0.00
Bi_buried	1.00	0.00	0.00	0.00	1.00	0.00	0.00	0.00	0.00	1.00	1.00	0.00	1.00	1.00	0.00	0.00	0.00	1.00	0.00	1.00
Bi_charged	0.00	1.00	0.00	1.00	0.00	0.00	1.00	0.00	1.00	0.00	0.00	1.00	0.00	0.00	0.00	0.00	0.00	0.00	0.00	0.00
Bi_cyclic	0.00	0.00	0.00	0.00	0.00	0.00	0.00	0.00	1.00	0.00	0.00	0.00	0.00	1.00	1.00	0.00	0.00	1.00	1.00	0.00
Bi_hydrophobic	1.00	0.00	0.00	0.00	0.00	0.00	0.00	1.00	0.00	1.00	1.00	0.00	1.00	1.00	1.00	0.00	0.00	1.00	1.00	1.00
Bi_large	0.00	1.00	0.00	0.00	0.00	1.00	1.00	0.00	1.00	1.00	1.00	1.00	1.00	1.00	0.00	0.00	0.00	1.00	1.00	0.00
Bi_medium	0.00	0.00	1.00	1.00	1.00	0.00	0.00	0.00	0.00	0.00	0.00	0.00	0.00	0.00	1.00	0.00	1.00	0.00	0.00	1.00
Bi_negative	0.00	0.00	0.00	1.00	0.00	0.00	1.00	0.00	0.00	0.00	0.00	0.00	0.00	0.00	0.00	0.00	0.00	0.00	0.00	0.00
Bi_neutral	1.00	0.00	1.00	0.00	1.00	1.00	0.00	1.00	1.00	1.00	1.00	0.00	1.00	1.00	1.00	1.00	1.00	1.00	1.00	1.00
Bi_polar	0.00	1.00	1.00	1.00	1.00	1.00	1.00	0.00	1.00	0.00	0.00	1.00	0.00	0.00	0.00	1.00	1.00	0.00	0.00	0.00
Bi_positive	0.00	1.00	0.00	0.00	0.00	0.00	0.00	0.00	1.00	0.00	0.00	1.00	0.00	0.00	0.00	0.00	0.00	0.00	0.00	0.00
Bi_small	1.00	0.00	0.00	0.00	0.00	0.00	0.00	1.00	0.00	0.00	0.00	0.00	0.00	0.00	0.00	1.00	0.00	0.00	0.00	0.00
Bi_surface	0.00	1.00	1.00	1.00	0.00	1.00	1.00	1.00	1.00	0.00	0.00	1.00	0.00	0.00	1.00	1.00	1.00	0.00	1.00	0.00
